01000011011000010110111000100000011110010110111101110101
01110010011001010110000101100100
011000100110100101101110011000010111001001111001
010000010101001101000011010010010100100100111111
010010010110011000100000011110010110111101110101011100100010000001110000011100100110111101100111
011100100110000101101101001000000111011101101111011100100110101101110011001000000111010001101000
011001010110111000100000011101000110100001100101001000000110101001110101011001000110011101100101
011100110010000001110111011010010110110001101100001000000110001001100101001000000110000101100010
011011000110010100100000011101000110111100100000011100100110010101100001011001000010000001110100
0110100001101001011100110010111000001010
